{"ind" :["2007-04-03","2007-04-04","2007-04-05","2007-04-09","2007-04-10","2007-04-11","2007-04-12","2007-04-13","2007-04-16","2007-04-17","2007-04-18","2007-04-19","2007-04-20","2007-04-23","2007-04-24","2007-04-25","2007-04-26","2007-04-27","2007-04-30","2007-05-01","2007-05-02","2007-05-03","2007-05-04","2007-05-07","2007-05-08","2007-05-09","2007-05-10","2007-05-11","2007-05-14","2007-05-15","2007-05-16","2007-05-17","2007-05-18","2007-05-21","2007-05-22","2007-05-23","2007-05-24","2007-05-25","2007-05-29","2007-05-30","2007-05-31","2007-06-01","2007-06-04","2007-06-05","2007-06-06","2007-06-07","2007-06-08","2007-06-11","2007-06-12","2007-06-13","2007-06-14","2007-06-15","2007-06-18","2007-06-19","2007-06-20","2007-06-21","2007-06-22","2007-06-25","2007-06-26","2007-06-27","2007-06-28","2007-06-29","2007-07-02","2007-07-03","2007-07-05","2007-07-06","2007-07-09","2007-07-10","2007-07-11","2007-07-12","2007-07-13","2007-07-16","2007-07-17","2007-07-18","2007-07-19","2007-07-20","2007-07-23","2007-07-24","2007-07-25","2007-07-26","2007-07-27","2007-07-30","2007-07-31","2007-08-01","2007-08-02","2007-08-03","2007-08-06","2007-08-07","2007-08-08","2007-08-09","2007-08-10","2007-08-13","2007-08-14","2007-08-15","2007-08-16","2007-08-17","2007-08-20","2007-08-21","2007-08-22","2007-08-23","2007-08-24","2007-08-27","2007-08-28","2007-08-29","2007-08-30","2007-08-31","2007-09-04","2007-09-05","2007-09-06","2007-09-07","2007-09-10","2007-09-11","2007-09-12","2007-09-13","2007-09-14","2007-09-17","2007-09-18","2007-09-19","2007-09-20","2007-09-21","2007-09-24","2007-09-25","2007-09-26","2007-09-27","2007-09-28","2007-10-01","2007-10-02","2007-10-03","2007-10-04","2007-10-05","2007-10-08","2007-10-09","2007-10-10","2007-10-11","2007-10-12","2007-10-15","2007-10-16","2007-10-17","2007-10-18","2007-10-19","2007-10-22","2007-10-23","2007-10-24","2007-10-25","2007-10-26","2007-10-29","2007-10-30","2007-10-31","2007-11-01","2007-11-02","2007-11-05","2007-11-06","2007-11-07","2007-11-08","2007-11-09","2007-11-12","2007-11-13","2007-11-14","2007-11-15","2007-11-16","2007-11-19","2007-11-20","2007-11-21","2007-11-23","2007-11-26","2007-11-27","2007-11-28","2007-11-29","2007-11-30","2007-12-03","2007-12-04","2007-12-05","2007-12-06","2007-12-07","2007-12-10","2007-12-11","2007-12-12","2007-12-13","2007-12-14","2007-12-17","2007-12-18","2007-12-19","2007-12-20","2007-12-21","2007-12-24","2007-12-26","2007-12-27","2007-12-28","2007-12-31","2008-01-02","2008-01-03","2008-01-04","2008-01-07","2008-01-08","2008-01-09","2008-01-10","2008-01-11","2008-01-14","2008-01-15","2008-01-16","2008-01-17","2008-01-18","2008-01-22","2008-01-23","2008-01-24","2008-01-25","2008-01-28","2008-01-29","2008-01-30","2008-01-31","2008-02-01","2008-02-04","2008-02-05","2008-02-06","2008-02-07","2008-02-08","2008-02-11","2008-02-12","2008-02-13","2008-02-14","2008-02-15","2008-02-19","2008-02-20","2008-02-21","2008-02-22","2008-02-25","2008-02-26","2008-02-27","2008-02-28","2008-02-29","2008-03-03","2008-03-04","2008-03-05","2008-03-06","2008-03-07","2008-03-10","2008-03-11","2008-03-12","2008-03-13","2008-03-14","2008-03-17","2008-03-18","2008-03-19","2008-03-20","2008-03-24","2008-03-25","2008-03-26","2008-03-27","2008-03-28","2008-03-31","2008-04-01","2008-04-02","2008-04-03","2008-04-04","2008-04-07","2008-04-08","2008-04-09","2008-04-10","2008-04-11","2008-04-14","2008-04-15","2008-04-16","2008-04-17","2008-04-18","2008-04-21","2008-04-22","2008-04-23","2008-04-24","2008-04-25","2008-04-28","2008-04-29","2008-04-30","2008-05-01","2008-05-02","2008-05-05","2008-05-06","2008-05-07","2008-05-08","2008-05-09","2008-05-12","2008-05-13","2008-05-14","2008-05-15","2008-05-16","2008-05-19","2008-05-20","2008-05-21","2008-05-22","2008-05-23","2008-05-27","2008-05-28","2008-05-29","2008-05-30","2008-06-02","2008-06-03","2008-06-04","2008-06-05","2008-06-06","2008-06-09","2008-06-10","2008-06-11","2008-06-12","2008-06-13","2008-06-16","2008-06-17","2008-06-18","2008-06-19","2008-06-20","2008-06-23","2008-06-24","2008-06-25","2008-06-26","2008-06-27","2008-06-30","2008-07-01","2008-07-02","2008-07-03","2008-07-07","2008-07-08","2008-07-09","2008-07-10","2008-07-11","2008-07-14","2008-07-15","2008-07-16","2008-07-17","2008-07-18","2008-07-21","2008-07-22","2008-07-23","2008-07-24","2008-07-25","2008-07-28","2008-07-29","2008-07-30","2008-07-31","2008-08-01","2008-08-04","2008-08-05","2008-08-06","2008-08-07","2008-08-08","2008-08-11","2008-08-12","2008-08-13","2008-08-14","2008-08-15","2008-08-18","2008-08-19","2008-08-20","2008-08-21","2008-08-22","2008-08-25","2008-08-26","2008-08-27","2008-08-28","2008-08-29","2008-09-02","2008-09-03","2008-09-04","2008-09-05","2008-09-08","2008-09-09","2008-09-10","2008-09-11","2008-09-12","2008-09-15","2008-09-16","2008-09-17","2008-09-18","2008-09-19","2008-09-22","2008-09-23","2008-09-24","2008-09-25","2008-09-26","2008-09-29","2008-09-30","2008-10-01","2008-10-02","2008-10-03","2008-10-06","2008-10-07","2008-10-08","2008-10-09","2008-10-10","2008-10-13","2008-10-14","2008-10-15","2008-10-16","2008-10-17","2008-10-20","2008-10-21","2008-10-22","2008-10-23","2008-10-24","2008-10-27","2008-10-28","2008-10-29","2008-10-30","2008-10-31","2008-11-03","2008-11-04","2008-11-05","2008-11-06","2008-11-07","2008-11-10","2008-11-11","2008-11-12","2008-11-13","2008-11-14","2008-11-17","2008-11-18","2008-11-19","2008-11-20","2008-11-21","2008-11-24","2008-11-25","2008-11-26","2008-11-28","2008-12-01","2008-12-02","2008-12-03","2008-12-04","2008-12-05","2008-12-08","2008-12-09","2008-12-10","2008-12-11","2008-12-12","2008-12-15","2008-12-16","2008-12-17","2008-12-18","2008-12-19","2008-12-22","2008-12-23","2008-12-24","2008-12-26","2008-12-29","2008-12-30","2008-12-31","2009-01-02","2009-01-05","2009-01-06","2009-01-07","2009-01-08","2009-01-09","2009-01-12","2009-01-13","2009-01-14","2009-01-15","2009-01-16","2009-01-20","2009-01-21","2009-01-22","2009-01-23","2009-01-26","2009-01-27","2009-01-28","2009-01-29","2009-01-30","2009-02-02","2009-02-03","2009-02-04","2009-02-05","2009-02-06","2009-02-09","2009-02-10","2009-02-11","2009-02-12","2009-02-13","2009-02-17","2009-02-18","2009-02-19","2009-02-20","2009-02-23","2009-02-24","2009-02-25","2009-02-26","2009-02-27","2009-03-02","2009-03-03","2009-03-04","2009-03-05","2009-03-06","2009-03-09","2009-03-10","2009-03-11","2009-03-12","2009-03-13","2009-03-16","2009-03-17","2009-03-18","2009-03-19","2009-03-20","2009-03-23","2009-03-24","2009-03-25","2009-03-26","2009-03-27","2009-03-30","2009-03-31","2009-04-01","2009-04-02","2009-04-03","2009-04-06","2009-04-07","2009-04-08","2009-04-09","2009-04-13","2009-04-14","2009-04-15","2009-04-16","2009-04-17","2009-04-20","2009-04-21","2009-04-22","2009-04-23","2009-04-24","2009-04-27","2009-04-28","2009-04-29","2009-04-30","2009-05-01","2009-05-04","2009-05-05","2009-05-06","2009-05-07","2009-05-08","2009-05-11","2009-05-12","2009-05-13","2009-05-14","2009-05-15","2009-05-18","2009-05-19","2009-05-20","2009-05-21","2009-05-22","2009-05-26","2009-05-27","2009-05-28","2009-05-29","2009-06-01","2009-06-02","2009-06-03","2009-06-04","2009-06-05","2009-06-08","2009-06-09","2009-06-10","2009-06-11","2009-06-12","2009-06-15","2009-06-16","2009-06-17","2009-06-18","2009-06-19","2009-06-22","2009-06-23","2009-06-24","2009-06-25","2009-06-26","2009-06-29","2009-06-30","2009-07-01","2009-07-02","2009-07-06","2009-07-07","2009-07-08","2009-07-09","2009-07-10","2009-07-13","2009-07-14","2009-07-15","2009-07-16","2009-07-17","2009-07-20","2009-07-21","2009-07-22","2009-07-23","2009-07-24","2009-07-27","2009-07-28","2009-07-29","2009-07-30","2009-07-31","2009-08-03","2009-08-04","2009-08-05","2009-08-06","2009-08-07","2009-08-10","2009-08-11","2009-08-12","2009-08-13","2009-08-14","2009-08-17","2009-08-18","2009-08-19","2009-08-20","2009-08-21","2009-08-24","2009-08-25","2009-08-26","2009-08-27","2009-08-28","2009-08-31","2009-09-01","2009-09-02","2009-09-03","2009-09-04","2009-09-08","2009-09-09","2009-09-10","2009-09-11","2009-09-14","2009-09-15","2009-09-16","2009-09-17","2009-09-18","2009-09-21","2009-09-22","2009-09-23","2009-09-24","2009-09-25","2009-09-28","2009-09-29","2009-09-30","2009-10-01","2009-10-02","2009-10-05","2009-10-06","2009-10-07","2009-10-08","2009-10-09","2009-10-12","2009-10-13","2009-10-14","2009-10-15","2009-10-16","2009-10-19","2009-10-20","2009-10-21","2009-10-22","2009-10-23","2009-10-26","2009-10-27","2009-10-28","2009-10-29","2009-10-30","2009-11-02","2009-11-03","2009-11-04","2009-11-05","2009-11-06","2009-11-09","2009-11-10","2009-11-11","2009-11-12","2009-11-13","2009-11-16","2009-11-17","2009-11-18","2009-11-19","2009-11-20","2009-11-23","2009-11-24","2009-11-25","2009-11-27","2009-11-30","2009-12-01","2009-12-02","2009-12-03","2009-12-04","2009-12-07","2009-12-08","2009-12-09","2009-12-10","2009-12-11","2009-12-14","2009-12-15","2009-12-16","2009-12-17","2009-12-18","2009-12-21","2009-12-22","2009-12-23","2009-12-24","2009-12-28","2009-12-29","2009-12-30","2009-12-31","2010-01-04","2010-01-05","2010-01-06","2010-01-07","2010-01-08","2010-01-11","2010-01-12","2010-01-13","2010-01-14","2010-01-15","2010-01-19","2010-01-20","2010-01-21","2010-01-22","2010-01-25","2010-01-26","2010-01-27","2010-01-28","2010-01-29","2010-02-01","2010-02-02","2010-02-03","2010-02-04","2010-02-05","2010-02-08","2010-02-09","2010-02-10","2010-02-11","2010-02-12","2010-02-16","2010-02-17","2010-02-18","2010-02-19","2010-02-22","2010-02-23","2010-02-24","2010-02-25","2010-02-26","2010-03-01","2010-03-02","2010-03-03","2010-03-04","2010-03-05","2010-03-08","2010-03-09","2010-03-10","2010-03-11","2010-03-12","2010-03-15","2010-03-16","2010-03-17","2010-03-18","2010-03-19","2010-03-22","2010-03-23","2010-03-24","2010-03-25","2010-03-26","2010-03-29","2010-03-30","2010-03-31","2010-04-01","2010-04-05","2010-04-06","2010-04-07","2010-04-08","2010-04-09","2010-04-12","2010-04-13","2010-04-14","2010-04-15","2010-04-16","2010-04-19","2010-04-20","2010-04-21","2010-04-22","2010-04-23","2010-04-26","2010-04-27","2010-04-28","2010-04-29","2010-04-30","2010-05-03","2010-05-04","2010-05-05","2010-05-06","2010-05-07","2010-05-10","2010-05-11","2010-05-12","2010-05-13","2010-05-14","2010-05-17","2010-05-18","2010-05-19","2010-05-20","2010-05-21","2010-05-24","2010-05-25","2010-05-26","2010-05-27","2010-05-28","2010-06-01","2010-06-02","2010-06-03","2010-06-04","2010-06-07","2010-06-08","2010-06-09","2010-06-10","2010-06-11","2010-06-14","2010-06-15","2010-06-16","2010-06-17","2010-06-18","2010-06-21","2010-06-22","2010-06-23","2010-06-24","2010-06-25","2010-06-28","2010-06-29","2010-06-30","2010-07-01","2010-07-02","2010-07-06","2010-07-07","2010-07-08","2010-07-09","2010-07-12","2010-07-13","2010-07-14","2010-07-15","2010-07-16","2010-07-19","2010-07-20","2010-07-21","2010-07-22","2010-07-23","2010-07-26","2010-07-27","2010-07-28","2010-07-29","2010-07-30","2010-08-02","2010-08-03","2010-08-04","2010-08-05","2010-08-06","2010-08-09","2010-08-10","2010-08-11","2010-08-12","2010-08-13","2010-08-16","2010-08-17","2010-08-18","2010-08-19","2010-08-20","2010-08-23","2010-08-24","2010-08-25","2010-08-26","2010-08-27","2010-08-30","2010-08-31","2010-09-01","2010-09-02","2010-09-03","2010-09-07","2010-09-08","2010-09-09","2010-09-10","2010-09-13","2010-09-14","2010-09-15","2010-09-16","2010-09-17","2010-09-20","2010-09-21","2010-09-22","2010-09-23","2010-09-24","2010-09-27","2010-09-28","2010-09-29","2010-09-30","2010-10-01","2010-10-04","2010-10-05","2010-10-06","2010-10-07","2010-10-08","2010-10-11","2010-10-12","2010-10-13","2010-10-14","2010-10-15","2010-10-18","2010-10-19","2010-10-20","2010-10-21","2010-10-22","2010-10-25","2010-10-26","2010-10-27","2010-10-28","2010-10-29","2010-11-01","2010-11-02","2010-11-03","2010-11-04","2010-11-05","2010-11-08","2010-11-09","2010-11-10","2010-11-11","2010-11-12","2010-11-15","2010-11-16","2010-11-17","2010-11-18","2010-11-19","2010-11-22","2010-11-23","2010-11-24","2010-11-26","2010-11-29","2010-11-30","2010-12-01","2010-12-02","2010-12-03","2010-12-06","2010-12-07","2010-12-08","2010-12-09","2010-12-10","2010-12-13","2010-12-14","2010-12-15","2010-12-16","2010-12-17","2010-12-20","2010-12-21","2010-12-22","2010-12-23","2010-12-27","2010-12-28","2010-12-29","2010-12-30","2010-12-31","2011-01-03","2011-01-04","2011-01-05","2011-01-06","2011-01-07","2011-01-10","2011-01-11","2011-01-12","2011-01-13","2011-01-14","2011-01-18","2011-01-19","2011-01-20","2011-01-21","2011-01-24","2011-01-25","2011-01-26","2011-01-27","2011-01-28","2011-01-31","2011-02-01","2011-02-02","2011-02-03","2011-02-04","2011-02-07","2011-02-08","2011-02-09","2011-02-10","2011-02-11","2011-02-14","2011-02-15","2011-02-16","2011-02-17","2011-02-18","2011-02-22","2011-02-23","2011-02-24","2011-02-25","2011-02-28","2011-03-01","2011-03-02","2011-03-03","2011-03-04","2011-03-07","2011-03-08","2011-03-09","2011-03-10","2011-03-11","2011-03-14","2011-03-15","2011-03-16","2011-03-17","2011-03-18","2011-03-21","2011-03-22","2011-03-23","2011-03-24","2011-03-25","2011-03-28","2011-03-29","2011-03-30","2011-03-31","2011-04-01","2011-04-04","2011-04-05","2011-04-06","2011-04-07","2011-04-08","2011-04-11","2011-04-12","2011-04-13","2011-04-14","2011-04-15","2011-04-18","2011-04-19","2011-04-20","2011-04-21","2011-04-25","2011-04-26","2011-04-27","2011-04-28","2011-04-29","2011-05-02","2011-05-03","2011-05-04","2011-05-05","2011-05-06","2011-05-09","2011-05-10","2011-05-11","2011-05-12","2011-05-13","2011-05-16","2011-05-17","2011-05-18","2011-05-19","2011-05-20","2011-05-23","2011-05-24","2011-05-25","2011-05-26","2011-05-27","2011-05-31","2011-06-01","2011-06-02","2011-06-03","2011-06-06","2011-06-07","2011-06-08","2011-06-09","2011-06-10","2011-06-13","2011-06-14","2011-06-15","2011-06-16","2011-06-17","2011-06-20","2011-06-21","2011-06-22","2011-06-23","2011-06-24","2011-06-27","2011-06-28","2011-06-29","2011-06-30","2011-07-01","2011-07-05","2011-07-06","2011-07-07","2011-07-08","2011-07-11","2011-07-12","2011-07-13","2011-07-14","2011-07-15","2011-07-18","2011-07-19","2011-07-20","2011-07-21","2011-07-22","2011-07-25","2011-07-26","2011-07-27","2011-07-28","2011-07-29","2011-08-01","2011-08-02","2011-08-03","2011-08-04","2011-08-05","2011-08-08","2011-08-09","2011-08-10","2011-08-11","2011-08-12","2011-08-15","2011-08-16","2011-08-17","2011-08-18","2011-08-19","2011-08-22","2011-08-23","2011-08-24","2011-08-25","2011-08-26","2011-08-29","2011-08-30","2011-08-31","2011-09-01","2011-09-02","2011-09-06","2011-09-07","2011-09-08","2011-09-09","2011-09-12","2011-09-13","2011-09-14","2011-09-15","2011-09-16","2011-09-19","2011-09-20","2011-09-21","2011-09-22","2011-09-23","2011-09-26","2011-09-27","2011-09-28","2011-09-29","2011-09-30","2011-10-03","2011-10-04","2011-10-05","2011-10-06","2011-10-07","2011-10-10","2011-10-11","2011-10-12","2011-10-13","2011-10-14","2011-10-17","2011-10-18","2011-10-19","2011-10-20","2011-10-21","2011-10-24","2011-10-25","2011-10-26","2011-10-27","2011-10-28","2011-10-31","2011-11-01","2011-11-02","2011-11-03","2011-11-04","2011-11-07","2011-11-08","2011-11-09","2011-11-10","2011-11-11","2011-11-14","2011-11-15","2011-11-16","2011-11-17","2011-11-18","2011-11-21","2011-11-22","2011-11-23","2011-11-25","2011-11-28","2011-11-29","2011-11-30","2011-12-01","2011-12-02","2011-12-05","2011-12-06","2011-12-07","2011-12-08","2011-12-09","2011-12-12","2011-12-13","2011-12-14","2011-12-15","2011-12-16","2011-12-19","2011-12-20","2011-12-21","2011-12-22","2011-12-23","2011-12-27","2011-12-28","2011-12-29","2011-12-30","2012-01-03","2012-01-04","2012-01-05","2012-01-06","2012-01-09","2012-01-10","2012-01-11","2012-01-12","2012-01-13","2012-01-17","2012-01-18","2012-01-19","2012-01-20","2012-01-23","2012-01-24","2012-01-25","2012-01-26","2012-01-27","2012-01-30","2012-01-31","2012-02-01","2012-02-02","2012-02-03","2012-02-06","2012-02-07","2012-02-08","2012-02-09","2012-02-10","2012-02-13","2012-02-14","2012-02-15","2012-02-16","2012-02-17","2012-02-21","2012-02-22","2012-02-23","2012-02-24","2012-02-27","2012-02-28","2012-02-29","2012-03-01","2012-03-02","2012-03-05","2012-03-06","2012-03-07","2012-03-08","2012-03-09","2012-03-12","2012-03-13","2012-03-14","2012-03-15","2012-03-16","2012-03-19","2012-03-20","2012-03-21","2012-03-22","2012-03-23","2012-03-26","2012-03-27","2012-03-28","2012-03-29","2012-03-30","2012-04-02","2012-04-03","2012-04-04","2012-04-05","2012-04-09","2012-04-10","2012-04-11","2012-04-12","2012-04-13","2012-04-16","2012-04-17","2012-04-18","2012-04-19","2012-04-20","2012-04-23","2012-04-24","2012-04-25","2012-04-26","2012-04-27","2012-04-30","2012-05-01","2012-05-02","2012-05-03","2012-05-04","2012-05-07","2012-05-08","2012-05-09","2012-05-10","2012-05-11","2012-05-14","2012-05-15","2012-05-16","2012-05-17","2012-05-18","2012-05-21","2012-05-22","2012-05-23","2012-05-24","2012-05-25","2012-05-29","2012-05-30","2012-05-31","2012-06-01","2012-06-04","2012-06-05","2012-06-06","2012-06-07","2012-06-08","2012-06-11","2012-06-12","2012-06-13","2012-06-14","2012-06-15","2012-06-18","2012-06-19","2012-06-20","2012-06-21","2012-06-22","2012-06-25","2012-06-26","2012-06-27","2012-06-28","2012-06-29","2012-07-02","2012-07-03","2012-07-05","2012-07-06","2012-07-09","2012-07-10","2012-07-11","2012-07-12","2012-07-13","2012-07-16","2012-07-17","2012-07-18","2012-07-19","2012-07-20","2012-07-23","2012-07-24","2012-07-25","2012-07-26","2012-07-27","2012-07-30","2012-07-31","2012-08-01","2012-08-02","2012-08-03","2012-08-06","2012-08-07","2012-08-08","2012-08-09","2012-08-10","2012-08-13","2012-08-14","2012-08-15","2012-08-16","2012-08-17","2012-08-20","2012-08-21","2012-08-22","2012-08-23","2012-08-24","2012-08-27","2012-08-28","2012-08-29","2012-08-30","2012-08-31","2012-09-04","2012-09-05","2012-09-06","2012-09-07","2012-09-10","2012-09-11","2012-09-12","2012-09-13","2012-09-14","2012-09-17","2012-09-18","2012-09-19","2012-09-20","2012-09-21","2012-09-24","2012-09-25","2012-09-26","2012-09-27","2012-09-28","2012-10-01","2012-10-02","2012-10-03","2012-10-04","2012-10-05","2012-10-08","2012-10-09","2012-10-10","2012-10-11","2012-10-12","2012-10-15","2012-10-16","2012-10-17","2012-10-18","2012-10-19","2012-10-22","2012-10-23","2012-10-24","2012-10-25","2012-10-26","2012-10-31","2012-11-01","2012-11-02","2012-11-05","2012-11-06","2012-11-07","2012-11-08","2012-11-09","2012-11-12","2012-11-13","2012-11-14","2012-11-15","2012-11-16","2012-11-19","2012-11-20","2012-11-21","2012-11-23","2012-11-26","2012-11-27","2012-11-28","2012-11-29","2012-11-30","2012-12-03","2012-12-04","2012-12-05","2012-12-06","2012-12-07","2012-12-10","2012-12-11","2012-12-12","2012-12-13","2012-12-14","2012-12-17","2012-12-18","2012-12-19","2012-12-20","2012-12-21","2012-12-24","2012-12-26","2012-12-27","2012-12-28","2012-12-31","2013-01-02","2013-01-03","2013-01-04","2013-01-07","2013-01-08","2013-01-09","2013-01-10","2013-01-11","2013-01-14","2013-01-15","2013-01-16","2013-01-17","2013-01-18","2013-01-22","2013-01-23","2013-01-24","2013-01-25","2013-01-28","2013-01-29","2013-01-30","2013-01-31","2013-02-01","2013-02-04","2013-02-05","2013-02-06","2013-02-07","2013-02-08","2013-02-11","2013-02-12","2013-02-13","2013-02-14","2013-02-15","2013-02-19","2013-02-20","2013-02-21","2013-02-22","2013-02-25","2013-02-26","2013-02-27","2013-02-28","2013-03-01","2013-03-04","2013-03-05","2013-03-06","2013-03-07","2013-03-08","2013-03-11","2013-03-12","2013-03-13","2013-03-14","2013-03-15","2013-03-18","2013-03-19","2013-03-20","2013-03-21","2013-03-22","2013-03-25","2013-03-26","2013-03-27","2013-03-28","2013-04-01","2013-04-02","2013-04-03","2013-04-04","2013-04-05","2013-04-08","2013-04-09","2013-04-10","2013-04-11","2013-04-12","2013-04-15","2013-04-16","2013-04-17","2013-04-18","2013-04-19","2013-04-22","2013-04-23","2013-04-24","2013-04-25","2013-04-26","2013-04-29","2013-04-30","2013-05-01","2013-05-02","2013-05-03","2013-05-06","2013-05-07","2013-05-08","2013-05-09","2013-05-10","2013-05-13","2013-05-14","2013-05-15","2013-05-16","2013-05-17","2013-05-20","2013-05-21","2013-05-22","2013-05-23","2013-05-24","2013-05-28","2013-05-29","2013-05-30","2013-05-31","2013-06-03","2013-06-04","2013-06-05","2013-06-06","2013-06-07","2013-06-10","2013-06-11","2013-06-12","2013-06-13","2013-06-14","2013-06-17","2013-06-18","2013-06-19","2013-06-20","2013-06-21","2013-06-24","2013-06-25","2013-06-26","2013-06-27","2013-06-28","2013-07-01","2013-07-02","2013-07-03","2013-07-05","2013-07-08","2013-07-09","2013-07-10","2013-07-11","2013-07-12","2013-07-15","2013-07-16","2013-07-17","2013-07-18","2013-07-19","2013-07-22","2013-07-23","2013-07-24","2013-07-25","2013-07-26","2013-07-29","2013-07-30","2013-07-31","2013-08-01","2013-08-02","2013-08-05","2013-08-06","2013-08-07","2013-08-08","2013-08-09","2013-08-12","2013-08-13","2013-08-14","2013-08-15","2013-08-16","2013-08-19","2013-08-20","2013-08-21","2013-08-22","2013-08-23","2013-08-26","2013-08-27","2013-08-28","2013-08-29","2013-08-30","2013-09-03","2013-09-04","2013-09-05","2013-09-06","2013-09-09","2013-09-10","2013-09-11","2013-09-12","2013-09-13","2013-09-16","2013-09-17","2013-09-18"],"var" :["PSTIX","PGOVX","PEDIX","PLRIX","PGBIX","PRAIX","PIGIX","PRRIX","PFORX","PIGLX","PDMIX","PTTRX","PMBIX","PNYIX","PTRIX","PLDTX","PMDRX","PTSAX","PFUIX","PIMIX","PCDIX","PCIMX","PHMIX","PFMIX","PTLDX","PLDIX","PTSHX","PDIIX","PAUIX","PSDIX","PEBIX","PHIYX","PCRIX","PAAIX","PFIIX","PELBX","PLMIX","PRRSX","PFCIX","PSKIX","PSCSX","PISIX","PSPTX","PXTIX","PSTKX","VFINX"],"corr" :[[1,0.514011171361021,0.490994089089659,0.448126551930099,0.338602852591702,0.322397425940555,0.299376383805301,0.287956009919396,0.259812158301699,0.23270486042343,0.24942855265754,0.263371065803683,0.226870927260162,0.146199031486909,0.213931578395511,0.196785171586587,0.202141518238855,0.191141569979408,0.138598831319878,0.142936828824401,0.042189165306772,0.0419246512101274,0.0292368366764469,0.0211227142814782,0.092844010813212,0.0834356777441416,-0.0198123484078162,-0.0603991534049534,-0.110169302519267,-0.207769651927988,-0.160621970486268,-0.245723643040806,-0.268048748676611,-0.39915154211036,-0.46414017016231,-0.558149619584403,-0.587821790321498,-0.706472430775982,-0.839820003011737,-0.83085770660648,-0.863516257749599,-0.861439293171058,-0.896014950486421,-0.887274309148942,-0.932914823191052,-0.947428805383445],[0.514011171361021,1,0.969087757577541,0.96386047930483,0.611559398891725,0.789753382836221,0.754964974315148,0.716259516185465,0.433092831010222,0.50733539442511,0.646042362348798,0.700979711075719,0.594815738981535,0.28073503368147,0.595694478085312,0.518122897811756,0.587342504115788,0.626107333635831,0.359396719405303,0.563681869126984,0.162560076404085,0.194133453187539,0.134912927695722,0.151492376466086,0.429862339265323,0.359330205978957,0.152689963349476,0.319022193189052,0.276287277964043,-0.218040574170642,0.134504297560743,-0.00231287699088219,-0.071127213903845,0.0766850187261782,-0.463033911660532,-0.235246244277331,-0.275303659419025,-0.131916039644758,-0.372094707647574,-0.309668854100059,-0.33116472438684,-0.35304827754232,-0.32414813236314,-0.326117811078024,-0.427748149814461,-0.449534660973839],[0.490994089089659,0.969087757577541,1,0.947939490737049,0.536204810536649,0.747309109217203,0.689959070740754,0.642870665693439,0.368805665458874,0.435700644981264,0.570720563305332,0.609613548329741,0.517289655589322,0.229084175341182,0.51453471811049,0.410357745963968,0.49124222626093,0.533783210794095,0.295449024514957,0.495231316440118,0.126739296172066,0.13383651270625,0.0768503941411913,0.0881439666165102,0.318630474794762,0.251929158285288,0.050398185862174,0.233447806409673,0.240823994132398,-0.272486311175849,0.0804042528900627,-0.0664493433194479,-0.111319952515428,0.0538946815530158,-0.483608993028322,-0.262167210477949,-0.30611067626241,-0.14700927448837,-0.380539712442957,-0.322818141983311,-0.334683790679072,-0.353049154073031,-0.336948347153804,-0.338473875566874,-0.432629004426385,-0.440386438903714],[0.448126551930099,0.96386047930483,0.947939490737049,1,0.627823874981566,0.81143225078982,0.855000937814006,0.756641176244122,0.44976682079601,0.534169875831595,0.684978763432781,0.775359119375765,0.657312392291377,0.329489355763913,0.647214025247698,0.582029370195021,0.678567278962948,0.713028250108296,0.389057242654337,0.671414614023485,0.218021460549834,0.244027564521006,0.192684515078072,0.206758078379551,0.521517665519141,0.452248272194417,0.213724237174932,0.463329505946084,0.364671435341637,-0.189421568605068,0.271037190091531,0.165229909184858,0.011331251309495,0.177549678100118,-0.329036108257826,-0.132494178355674,-0.175965054093504,-0.0888398494156414,-0.263084495675723,-0.210228369164105,-0.252629422879829,-0.257915162556937,-0.226008255649466,-0.234580925941392,-0.342228793621732,-0.375199162702121],[0.338602852591702,0.611559398891725,0.536204810536649,0.627823874981566,1,0.544690568522844,0.684674013390275,0.6046649230162,0.914154083528505,0.619524629727084,0.581262119169735,0.70127656432884,0.568541178841768,0.461000754070089,0.589660025953607,0.625766516631989,0.628391926130443,0.645087717929694,0.510457723099488,0.585666244017279,0.321331866345322,0.432566469958149,0.395888423152725,0.419744505728276,0.59837268631202,0.551364368805246,0.476695276009738,0.512731672425688,0.289347722094567,0.159269985475894,0.310007809372171,0.24959378650422,0.0428504013986216,0.15737700627684,-0.0798688523859769,-0.0848636031483003,-0.11889554360669,-0.078661346888548,-0.172073876516268,-0.138866100950312,-0.151244492135657,-0.155749257081329,-0.101934511330198,-0.124816615084641,-0.194458296655826,-0.263355024396161],[0.322397425940555,0.789753382836221,0.747309109217203,0.81143225078982,0.544690568522844,1,0.746460667331316,0.950138581825649,0.383021852532176,0.523738621568124,0.595229537506031,0.71017747531267,0.595661349736144,0.292613380569255,0.577450494124238,0.548142161763858,0.627501323164225,0.647564350159751,0.402258720254994,0.583812994695467,0.18740532301179,0.209468463882159,0.186660197877796,0.202984305356639,0.517176942510914,0.462971639139966,0.220185223186269,0.457101270841486,0.484911954868555,-0.111658497638494,0.303961447795878,0.196139057561002,0.201681944891087,0.334656128980625,-0.214284322326519,-0.0149305503117774,-0.0308964465039784,0.0253013826774512,-0.142686312826479,-0.0854777930724969,-0.137780717103599,-0.152726738234872,-0.0982162553268991,-0.109509970631573,-0.203458631743033,-0.251293313025023],[0.299376383805301,0.754964974315148,0.689959070740754,0.855000937814006,0.684674013390275,0.746460667331316,1,0.785937912462812,0.540284553224939,0.610974840907842,0.712681764029765,0.889778427248634,0.745771252601936,0.430360710227038,0.716765551340106,0.753700109617866,0.85177206988489,0.856578517367071,0.484980937839693,0.828992961234412,0.350983770594638,0.376808768266909,0.348687291548615,0.360195517915019,0.749010236840393,0.690815744912867,0.446537989308711,0.740243679738888,0.498565263667764,-0.00269521514649684,0.527824392800234,0.503308267718454,0.191580462909732,0.344297420182016,0.00622628057225304,0.0993547785544225,0.0692135435051234,-0.0106059307146037,-0.0375122938383446,0.00487500623561076,-0.08278689861857,-0.058689911032117,-0.0112882388915582,-0.03566796604759,-0.138248356449806,-0.205695249415328],[0.287956009919396,0.716259516185465,0.642870665693439,0.756641176244122,0.6046649230162,0.950138581825649,0.785937912462812,1,0.450153764544889,0.577493076531829,0.642262539103449,0.773896769013236,0.656916459168204,0.352653904809733,0.645301007692678,0.64685966509927,0.711746288230563,0.729160325964883,0.463890910045644,0.656805895796942,0.251224316624316,0.281602404789564,0.264110754584343,0.294189115832364,0.629274693284413,0.593802693923349,0.362525049148646,0.580855097705001,0.545013959518456,0.0121166464495534,0.416084956153002,0.326521443033406,0.287508480843936,0.399256541209585,-0.0996978027510739,0.0651727048022724,0.0594794063945795,0.0507140233070015,-0.0722232841025225,-0.0138862034951467,-0.0840291031294668,-0.0946095150257796,-0.0225982945569987,-0.0417808126565623,-0.135622514996225,-0.205429385904338],[0.259812158301699,0.433092831010222,0.368805665458874,0.44976682079601,0.914154083528505,0.383021852532176,0.540284553224939,0.450153764544889,1,0.558647609026522,0.439394306793874,0.561969044856611,0.436914368345975,0.457047911826021,0.456928757913008,0.517070804418085,0.507450454026777,0.510443659341159,0.484770504340709,0.478774067755272,0.324562275230936,0.443239775341635,0.409166356252928,0.427245537452643,0.502437105040008,0.472261199090182,0.454902893995687,0.44959965762207,0.230534310798435,0.218498322402643,0.272035892890658,0.235488831105138,0.0209825315632961,0.133106825647925,0.0134570053265675,-0.0584423067192428,-0.0925598980091708,-0.0612479364962972,-0.121651881251769,-0.115966518973172,-0.10166846400706,-0.115164704857237,-0.0655251781234395,-0.0821244138097219,-0.137493835742374,-0.193896259671486],[0.23270486042343,0.50733539442511,0.435700644981264,0.534169875831595,0.619524629727084,0.523738621568124,0.610974840907842,0.577493076531829,0.558647609026522,1,0.480171919589112,0.625646324260115,0.52341069779896,0.331981672638692,0.486199820684572,0.542666499136403,0.58863156513069,0.602382540240975,0.967539822109143,0.506000929892423,0.242294424626201,0.288981058049608,0.244686062948343,0.247550751525858,0.544782951994668,0.500051404313984,0.297140989871427,0.454430098563071,0.459828167311775,-0.0242079986560883,0.281367644531047,0.208519779167756,0.277414285793454,0.320956519966084,-0.112028213775993,0.196487186314206,0.26057004415496,-0.0142230238736873,-0.0669350212561911,0.0854077876329764,-0.0617432183232739,-0.119345416737289,-0.0217604861117485,-0.0507028771156096,-0.119411982972475,-0.160801139443271],[0.24942855265754,0.646042362348798,0.570720563305332,0.684978763432781,0.581262119169735,0.595229537506031,0.712681764029765,0.642262539103449,0.439394306793874,0.480171919589112,1,0.834444679236201,0.700098870031439,0.317382772472118,0.919085061880702,0.709439075288411,0.739094286694434,0.800663198970978,0.372628481230976,0.741092790142958,0.235375949233341,0.256887538975858,0.230464617658971,0.213529270840992,0.630027245650263,0.592210938521122,0.473552945277918,0.540455726859355,0.378524986317703,-0.105585148152448,0.371913882530188,0.277349334480487,0.110697833747365,0.23174159448864,-0.170454282195538,0.0288001714122447,-0.00948075075267635,0.0688334200477221,-0.0636916717050318,0.00980652202712781,-0.023253454386458,-0.0237550947530621,0.00410394597284314,-0.00167916602011132,-0.0990015473375089,-0.142093314831726],[0.263371065803683,0.700979711075719,0.609613548329741,0.775359119375765,0.70127656432884,0.71017747531267,0.889778427248634,0.773896769013236,0.561969044856611,0.625646324260115,0.834444679236201,1,0.806803344778508,0.42354385064487,0.848351062191783,0.845123287433401,0.914102771761282,0.93693529762015,0.504689076964263,0.84094038746376,0.342505339027205,0.372583476398287,0.33323977778072,0.330190074089237,0.82093777536111,0.760721839046897,0.543029582164054,0.720205534727612,0.504190392547924,-0.0271849865324691,0.497862090674644,0.443614752672923,0.211444208237785,0.35170747513941,-0.0416622930382887,0.122057419149229,0.0975520447288964,0.0604363718812609,-0.0138318586117312,0.0666358201095619,-0.00202715542965077,0.00370695738557787,0.0627027676787981,0.0363629416679119,-0.0658161958881572,-0.140249769278296],[0.226870927260162,0.594815738981535,0.517289655589322,0.657312392291377,0.568541178841768,0.595661349736144,0.745771252601936,0.656916459168204,0.436914368345975,0.52341069779896,0.700098870031439,0.806803344778508,1,0.341814111009997,0.717366032890004,0.717497132050628,0.773936437290805,0.79925527133891,0.42889687572079,0.712271721402454,0.269600254189106,0.289282944469906,0.266515558516588,0.269841104512907,0.67835035478977,0.65186420294375,0.446916566745422,0.592122882350988,0.436060173885447,-0.0163795841267077,0.411496563869824,0.371400031560974,0.179641338424231,0.303263251518171,-0.0624907012196135,0.0904672545352593,0.0824533926892192,0.0695177428491543,0.00621159954134657,0.0595999380607936,-0.00209395130328339,-0.00348518873463992,0.0510019089682343,0.0379781931497109,-0.0633694279137074,-0.12477417626946],[0.146199031486909,0.28073503368147,0.229084175341182,0.329489355763913,0.461000754070089,0.292613380569255,0.430360710227038,0.352653904809733,0.457047911826021,0.331981672638692,0.317382772472118,0.42354385064487,0.341814111009997,1,0.314758464277561,0.367251695008361,0.39159274783967,0.394639740863824,0.284327436955929,0.404930583141512,0.621254435243585,0.879321177385486,0.803776043765996,0.883510006846747,0.37816781231554,0.357749021230004,0.294218141303345,0.414752311463779,0.169880330542954,0.449164840491168,0.249498437731972,0.329060120384288,0.0994915521741083,0.104697501477283,0.0978032771423594,0.0196523955009138,0.00717136901575203,-0.06614770193756,-0.0103584044388327,-0.0269139540746403,-0.060021078946514,-0.0369561121637865,-0.00908449469012081,-0.0361879882545475,-0.0765543192791731,-0.115072317180141],[0.213931578395511,0.595694478085312,0.51453471811049,0.647214025247698,0.589660025953607,0.577450494124238,0.716765551340106,0.645301007692678,0.456928757913008,0.486199820684572,0.919085061880702,0.848351062191783,0.717366032890004,0.314758464277561,1,0.752020442980866,0.766734889978312,0.826047802262485,0.384496072806349,0.794710695930575,0.261613229330358,0.264327148241197,0.249582871367317,0.228402764604152,0.672402528356835,0.653170150316088,0.547936404246994,0.593370253075938,0.427370923135795,-0.0673214076804938,0.414281981557493,0.352730979105694,0.14470521871009,0.289591038957993,-0.0886425901986833,0.0475440283859926,0.0283094925957555,0.0963382381839609,-0.0222885335756445,0.0524384046866192,0.0142508212428435,0.0199507950774616,0.0551445628431561,0.0495428061715925,-0.0504205819242022,-0.103529891903459],[0.196785171586587,0.518122897811756,0.410357745963968,0.582029370195021,0.625766516631989,0.548142161763858,0.753700109617866,0.64685966509927,0.517070804418085,0.542666499136403,0.709439075288411,0.845123287433401,0.717497132050628,0.367251695008361,0.752020442980866,1,0.883362119865901,0.858291795385017,0.453449691442359,0.745708576226108,0.324238606396996,0.339093728655517,0.323450990357577,0.346079958544305,0.888479938670776,0.850279428900089,0.605061803281056,0.671590657111036,0.442466382598775,0.116909299264039,0.474219555223448,0.473711916456043,0.214508954662257,0.327904620523596,0.0717347297952424,0.12829784946301,0.134233202767435,0.0802675244826603,0.0600591681392899,0.102020316248512,0.0237941254049623,0.0350915372784507,0.113285382321634,0.0895296603549159,0.00790105666628075,-0.0885120337110067],[0.202141518238855,0.587342504115788,0.49124222626093,0.678567278962948,0.628391926130443,0.627501323164225,0.85177206988489,0.711746288230563,0.507450454026777,0.58863156513069,0.739094286694434,0.914102771761282,0.773936437290805,0.39159274783967,0.766734889978312,0.883362119865901,1,0.922551152715139,0.483217596783559,0.816544398443195,0.329600181604094,0.349763783834015,0.325179986565374,0.347343494191645,0.882244059700939,0.859111505162266,0.535261752608056,0.758757457673221,0.51119005674643,0.0350993656794832,0.559200900928995,0.540617027239349,0.242442545978832,0.383859913640006,0.0677980463987075,0.18219051851893,0.175266275569199,0.0696792199572403,0.0754756570532184,0.129845168783405,0.0439178920176839,0.0549790983246229,0.131764194692288,0.100331833710924,0.00366710323132072,-0.0875082017214972],[0.191141569979408,0.626107333635831,0.533783210794095,0.713028250108296,0.645087717929694,0.647564350159751,0.856578517367071,0.729160325964883,0.510443659341159,0.602382540240975,0.800663198970978,0.93693529762015,0.79925527133891,0.394639740863824,0.826047802262485,0.858291795385017,0.922551152715139,1,0.498543173393154,0.82244265155898,0.333547654759013,0.355130922138734,0.325144054087846,0.329174359182154,0.836067279729117,0.812183361577071,0.548367199899256,0.73571290967651,0.509886088439027,0.00822326114081626,0.523001757360206,0.488312633642255,0.231800194534071,0.367750965524852,0.00900837696046054,0.167617781275193,0.154415053314294,0.123445926383397,0.0701446426374562,0.134556164810435,0.0652731782567058,0.0581537823033526,0.136224801172343,0.114364646672092,0.00328017799121752,-0.0729150674449067],[0.138598831319878,0.359396719405303,0.295449024514957,0.389057242654337,0.510457723099488,0.402258720254994,0.484980937839693,0.463890910045644,0.484770504340709,0.967539822109143,0.372628481230976,0.504689076964263,0.42889687572079,0.284327436955929,0.384496072806349,0.453449691442359,0.483217596783559,0.498543173393154,1,0.405230109713596,0.216325649604852,0.257824551123008,0.214639232993673,0.216843753088026,0.472497264067278,0.43787197656953,0.266872021453096,0.394213557303473,0.435910765009095,0.0165397673665863,0.251684224421732,0.197858596825502,0.307411654042647,0.331000316281502,-0.0403638626865136,0.264823256283687,0.346581153776289,0.0198705232288549,0.00338569599645223,0.165014415139098,0.00249912794172248,-0.0574697970376206,0.0432876220413588,0.016264207663709,-0.038064628802957,-0.0723734664040397],[0.142936828824401,0.563681869126984,0.495231316440118,0.671414614023485,0.585666244017279,0.583812994695467,0.828992961234412,0.656805895796942,0.478774067755272,0.506000929892423,0.741092790142958,0.84094038746376,0.712271721402454,0.404930583141512,0.794710695930575,0.745708576226108,0.816544398443195,0.82244265155898,0.405230109713596,1,0.355317654529829,0.370840123110202,0.368407236688528,0.343193919362315,0.742748105533087,0.699592585406363,0.517783854785416,0.768238787482,0.507978596996137,0.0244498776799597,0.567897040279689,0.587409545731223,0.241203808838674,0.397017960143132,0.121302782601517,0.187166072974202,0.161099179907617,0.0981636432818736,0.0955187578211304,0.127741678557689,0.073158443443878,0.0884371735937886,0.133430562678329,0.110963172988605,0.0192542937164511,-0.0461822775649552],[0.042189165306772,0.162560076404085,0.126739296172066,0.218021460549834,0.321331866345322,0.18740532301179,0.350983770594638,0.251224316624316,0.324562275230936,0.242294424626201,0.235375949233341,0.342505339027205,0.269600254189106,0.621254435243585,0.261613229330358,0.324238606396996,0.329600181604094,0.333547654759013,0.216325649604852,0.355317654529829,1,0.670019139672936,0.56605644092595,0.546974746282898,0.354954161533988,0.325443832820004,0.318053531244512,0.374404185150747,0.127353548761176,0.303781221902172,0.264884908278116,0.307151725754781,0.0806464041531269,0.0950196191196568,0.178664764028583,0.117224237505731,0.0953720851960108,-0.0214921812859721,0.0407291459545357,0.038118565446411,0.00400870023994349,0.0256076119056184,0.0322558507565744,0.0142591688539096,-0.00704997980185628,-0.0260024567767712],[0.0419246512101274,0.194133453187539,0.13383651270625,0.244027564521006,0.432566469958149,0.209468463882159,0.376808768266909,0.281602404789564,0.443239775341635,0.288981058049608,0.256887538975858,0.372583476398287,0.289282944469906,0.879321177385486,0.264327148241197,0.339093728655517,0.349763783834015,0.355130922138734,0.257824551123008,0.370840123110202,0.670019139672936,1,0.825727409405744,0.855863861906743,0.374534941584294,0.360041535866442,0.335951042026665,0.422668407724034,0.156450294917111,0.501503115121303,0.271738959595254,0.369244818629578,0.116868555040048,0.134346963434304,0.18240990122224,0.0960011131282846,0.0853936086697778,0.00449618354288485,0.0837950985329501,0.0585356407244207,0.0284350044817028,0.0557340104467248,0.0767261729286316,0.0525773187901867,0.0277153402667963,-0.0121880664477804],[0.0292368366764469,0.134912927695722,0.0768503941411913,0.192684515078072,0.395888423152725,0.186660197877796,0.348687291548615,0.264110754584343,0.409166356252928,0.244686062948343,0.230464617658971,0.33323977778072,0.266515558516588,0.803776043765996,